1
70
6 34
6 33
3 33
3 14
4 14
4 12
11 12
11 11
22 11
22 10
13 10
13 6
9 6
9 5
1 5
1 1
0 1
0 0
2 0
2 4
8 4
8 2
27 2
27 3
26 3
26 9
32 9
32 8
29 8
29 7
33 7
33 13
16 13
16 15
17 15
17 17
15 17
15 19
30 19
30 20
31 20
31 18
34 18
34 27
28 27
28 28
24 28
24 29
21 29
21 30
19 30
19 26
25 26
25 25
20 25
20 24
14 24
14 22
12 22
12 16
10 16
10 21
7 21
7 23
5 23
5 32
18 32
18 31
23 31
23 34
2
12
24 9
24 8
25 8
25 6
23 6
23 4
20 4
20 5
21 5
21 7
22 7
22 9
10
24 24
24 21
21 21
21 20
20 20
20 23
22 23
22 22
23 22
23 24
